 1.0 *****       0.05   4.996E-01  4.003E-01  2.472E-02  1.351E-01
 1.0 *****       0.06   4.996E-01  4.003E-01  2.471E-02  1.351E-01
 1.0 -99.0       0.06   4.996E-01  4.003E-01  2.471E-02  1.349E-01
 1.0 -98.0       0.06   4.996E-01  4.003E-01  2.470E-02  1.357E-01
 1.0 -97.0       0.06   4.996E-01  4.003E-01  2.470E-02  1.355E-01
 1.0 -96.0       0.06   4.996E-01  4.003E-01  2.469E-02  1.360E-01
 1.0 -95.0       0.06   4.996E-01  4.004E-01  2.468E-02  1.359E-01
 1.0 -94.0       0.06   4.995E-01  4.004E-01  2.468E-02  1.370E-01
 1.0 -93.0       0.06   4.995E-01  4.004E-01  2.467E-02  1.365E-01
 1.0 -92.0       0.06   4.995E-01  4.004E-01  2.466E-02  1.377E-01
 1.0 -91.0       0.06   4.995E-01  4.004E-01  2.465E-02  1.377E-01
 1.0 -90.0       0.06   4.995E-01  4.004E-01  2.464E-02  1.385E-01
 1.0 -89.0       0.06   4.995E-01  4.004E-01  2.464E-02  1.392E-01
 1.0 -88.0       0.06   4.995E-01  4.004E-01  2.462E-02  1.395E-01
 1.0 -87.0       0.06   4.995E-01  4.004E-01  2.462E-02  1.405E-01
 1.0 -86.0       0.06   4.994E-01  4.004E-01  2.460E-02  1.409E-01
 1.0 -85.0       0.06   4.994E-01  4.005E-01  2.459E-02  1.421E-01
 1.0 -84.0       0.07   4.994E-01  4.005E-01  2.458E-02  1.426E-01
 1.0 -83.0       0.07   4.994E-01  4.005E-01  2.456E-02  1.438E-01
 1.0 -82.0       0.07   4.994E-01  4.005E-01  2.455E-02  1.446E-01
 1.0 -81.0       0.07   4.993E-01  4.005E-01  2.453E-02  1.454E-01
 1.0 -80.0       0.07   4.993E-01  4.005E-01  2.451E-02  1.466E-01
 1.0 -79.0       0.07   4.993E-01  4.006E-01  2.450E-02  1.477E-01
 1.0 -78.0       0.07   4.993E-01  4.006E-01  2.448E-02  1.485E-01
 1.0 -77.0       0.07   4.992E-01  4.006E-01  2.446E-02  1.499E-01
 1.0 -76.0       0.07   4.992E-01  4.006E-01  2.444E-02  1.506E-01
 1.0 -75.0       0.07   4.992E-01  4.006E-01  2.442E-02  1.515E-01
 1.0 -74.0       0.07   4.992E-01  4.007E-01  2.440E-02  1.521E-01
 1.0 -73.0       0.08   4.991E-01  4.007E-01  2.439E-02  1.523E-01
 1.0 -72.0       0.08   4.991E-01  4.007E-01  2.437E-02  1.523E-01
 1.0 -71.0       0.08   4.991E-01  4.007E-01  2.435E-02  1.518E-01
 1.0 -70.0       0.08   4.991E-01  4.007E-01  2.434E-02  1.508E-01
 1.0 -69.0       0.08   4.990E-01  4.008E-01  2.433E-02  1.496E-01
 1.0 -68.0       0.08   4.990E-01  4.008E-01  2.431E-02  1.480E-01
 1.0 -67.0       0.08   4.990E-01  4.008E-01  2.430E-02  1.468E-01
 1.0 -66.0       0.08   4.990E-01  4.008E-01  2.429E-02  1.455E-01
 1.0 -65.0       0.08   4.990E-01  4.008E-01  2.427E-02  1.446E-01
 1.0 -64.0       0.09   4.989E-01  4.008E-01  2.426E-02  1.441E-01
 1.0 -63.0       0.09   4.989E-01  4.009E-01  2.424E-02  1.431E-01
 1.0 -62.0       0.09   4.989E-01  4.009E-01  2.422E-02  1.428E-01
 1.0 -61.0       0.09   4.989E-01  4.009E-01  2.420E-02  1.418E-01
 1.0 -60.0       0.09   4.988E-01  4.009E-01  2.418E-02  1.409E-01
 1.0 -59.0       0.09   4.988E-01  4.010E-01  2.416E-02  1.397E-01
 1.0 -58.0       0.09   4.988E-01  4.010E-01  2.414E-02  1.383E-01
 1.0 -57.0       0.10   4.987E-01  4.010E-01  2.411E-02  1.365E-01
 1.0 -56.0       0.10   4.987E-01  4.010E-01  2.408E-02  1.345E-01
 1.0 -55.0       0.10   4.987E-01  4.011E-01  2.405E-02  1.325E-01
 1.0 -54.0       0.10   4.986E-01  4.011E-01  2.402E-02  1.311E-01
 1.0 -53.0       0.10   4.986E-01  4.012E-01  2.399E-02  1.306E-01
 1.0 -52.0       0.11   4.985E-01  4.012E-01  2.395E-02  1.309E-01
 1.0 -51.0       0.11   4.985E-01  4.012E-01  2.392E-02  1.319E-01
 1.0 -50.0       0.11   4.984E-01  4.013E-01  2.387E-02  1.328E-01
 1.0 -49.0       0.11   4.983E-01  4.013E-01  2.383E-02  1.335E-01
 1.0 -48.0       0.11   4.983E-01  4.014E-01  2.378E-02  1.336E-01
 1.0 -47.0       0.12   4.982E-01  4.014E-01  2.373E-02  1.331E-01
 1.0 -46.0       0.12   4.981E-01  4.015E-01  2.368E-02  1.320E-01
 1.0 -45.0       0.12   4.980E-01  4.016E-01  2.362E-02  1.303E-01
 1.0 -44.0       0.12   4.980E-01  4.016E-01  2.357E-02  1.290E-01
 1.0 -43.0       0.13   4.979E-01  4.017E-01  2.353E-02  1.288E-01
 1.0 -42.0       0.13   4.978E-01  4.017E-01  2.349E-02  1.300E-01
 1.0 -41.0       0.13   4.978E-01  4.018E-01  2.344E-02  1.321E-01
 1.0 -40.0       0.14   4.977E-01  4.018E-01  2.337E-02  1.341E-01
 1.0 -39.0       0.14   4.976E-01  4.019E-01  2.330E-02  1.358E-01
 1.0 -38.0       0.14   4.975E-01  4.020E-01  2.322E-02  1.370E-01
 1.0 -37.0       0.15   4.974E-01  4.021E-01  2.313E-02  1.375E-01
 1.0 -36.0       0.15   4.972E-01  4.022E-01  2.304E-02  1.370E-01
 1.0 -35.0       0.15   4.971E-01  4.023E-01  2.295E-02  1.352E-01
 1.0 -34.0       0.16   4.970E-01  4.024E-01  2.286E-02  1.324E-01
 1.0 -33.0       0.16   4.969E-01  4.025E-01  2.278E-02  1.297E-01
 1.0 -32.0       0.17   4.967E-01  4.026E-01  2.269E-02  1.294E-01
 1.0 -31.0       0.17   4.966E-01  4.027E-01  2.258E-02  1.318E-01
 1.0 -30.0       0.18   4.964E-01  4.029E-01  2.245E-02  1.345E-01
 1.0 -29.0       0.18   4.962E-01  4.030E-01  2.232E-02  1.358E-01
 1.0 -28.0       0.19   4.961E-01  4.032E-01  2.218E-02  1.358E-01
 1.0 -27.0       0.20   4.959E-01  4.033E-01  2.202E-02  1.352E-01
 1.0 -26.0       0.20   4.956E-01  4.035E-01  2.184E-02  1.347E-01
 1.0 -25.0       0.21   4.954E-01  4.037E-01  2.164E-02  1.339E-01
 1.0 -24.0       0.22   4.951E-01  4.039E-01  2.143E-02  1.329E-01
 1.0 -23.0       0.23   4.948E-01  4.042E-01  2.121E-02  1.310E-01
 1.0 -22.0       0.24   4.945E-01  4.044E-01  2.099E-02  1.291E-01
 1.0 -21.0       0.25   4.943E-01  4.046E-01  2.076E-02  1.258E-01
 1.0 -20.0       0.26   4.940E-01  4.048E-01  2.052E-02  1.238E-01
 1.0 -19.0       0.27   4.935E-01  4.052E-01  2.020E-02  1.224E-01
 1.0 -18.0       0.29   4.929E-01  4.056E-01  1.974E-02  1.247E-01
 1.0 -17.0       0.30   4.923E-01  4.062E-01  1.920E-02  1.243E-01
 1.0 -16.0       0.32   4.915E-01  4.068E-01  1.862E-02  1.250E-01
 1.0 -15.0       0.34   4.908E-01  4.074E-01  1.796E-02  1.220E-01
 1.0 -14.0       0.36   4.899E-01  4.081E-01  1.717E-02  1.220E-01
 1.0 -13.0       0.39   4.888E-01  4.089E-01  1.625E-02  1.180E-01
 1.0 -12.0       0.42   4.877E-01  4.099E-01  1.520E-02  1.171E-01
 1.0 -11.0       0.46   4.865E-01  4.108E-01  1.407E-02  1.101E-01
 1.0 -10.0       0.50   4.853E-01  4.118E-01  1.293E-02  1.069E-01
 1.0  -9.0       0.56   4.842E-01  4.126E-01  1.177E-02  9.611E-02
 1.0  -8.0       0.63   4.832E-01  4.134E-01  1.033E-02  9.297E-02
 1.0  -7.0       0.71   4.823E-01  4.142E-01  8.442E-03  8.361E-02
 1.0 *****       0.05   4.996E-01  4.003E-01  2.472E-02  1.351E-01
 1.0 *****       0.06   4.996E-01  4.003E-01  2.471E-02  1.351E-01
 1.0 -99.0       0.06   4.996E-01  4.003E-01  2.471E-02  1.349E-01
 1.0 -98.0       0.06   4.996E-01  4.003E-01  2.470E-02  1.357E-01
 1.0 -97.0       0.06   4.996E-01  4.003E-01  2.470E-02  1.355E-01
 1.0 -96.0       0.06   4.996E-01  4.003E-01  2.469E-02  1.360E-01
 1.0 -95.0       0.06   4.996E-01  4.004E-01  2.468E-02  1.359E-01
 1.0 -94.0       0.06   4.995E-01  4.004E-01  2.468E-02  1.370E-01
 1.0 -93.0       0.06   4.995E-01  4.004E-01  2.467E-02  1.365E-01
 1.0 -92.0       0.06   4.995E-01  4.004E-01  2.466E-02  1.377E-01
 1.0 -91.0       0.06   4.995E-01  4.004E-01  2.465E-02  1.377E-01
 1.0 -90.0       0.06   4.995E-01  4.004E-01  2.464E-02  1.385E-01
 1.0 -89.0       0.06   4.995E-01  4.004E-01  2.464E-02  1.392E-01
 1.0 -88.0       0.06   4.995E-01  4.004E-01  2.462E-02  1.395E-01
 1.0 -87.0       0.06   4.995E-01  4.004E-01  2.462E-02  1.405E-01
 1.0 -86.0       0.06   4.994E-01  4.004E-01  2.460E-02  1.409E-01
 1.0 -85.0       0.06   4.994E-01  4.005E-01  2.459E-02  1.421E-01
 1.0 -84.0       0.07   4.994E-01  4.005E-01  2.458E-02  1.426E-01
 1.0 -83.0       0.07   4.994E-01  4.005E-01  2.456E-02  1.438E-01
 1.0 -82.0       0.07   4.994E-01  4.005E-01  2.455E-02  1.446E-01
 1.0 -81.0       0.07   4.993E-01  4.005E-01  2.453E-02  1.454E-01
 1.0 -80.0       0.07   4.993E-01  4.005E-01  2.451E-02  1.466E-01
 1.0 -79.0       0.07   4.993E-01  4.006E-01  2.450E-02  1.477E-01
 1.0 -78.0       0.07   4.993E-01  4.006E-01  2.448E-02  1.485E-01
 1.0 -77.0       0.07   4.992E-01  4.006E-01  2.446E-02  1.499E-01
 1.0 -76.0       0.07   4.992E-01  4.006E-01  2.444E-02  1.506E-01
 1.0 -75.0       0.07   4.992E-01  4.006E-01  2.442E-02  1.515E-01
 1.0 -74.0       0.07   4.992E-01  4.007E-01  2.440E-02  1.521E-01
 1.0 -73.0       0.08   4.991E-01  4.007E-01  2.439E-02  1.523E-01
 1.0 -72.0       0.08   4.991E-01  4.007E-01  2.437E-02  1.523E-01
 1.0 -71.0       0.08   4.991E-01  4.007E-01  2.435E-02  1.518E-01
 1.0 -70.0       0.08   4.991E-01  4.007E-01  2.434E-02  1.508E-01
 1.0 -69.0       0.08   4.990E-01  4.008E-01  2.433E-02  1.496E-01
 1.0 -68.0       0.08   4.990E-01  4.008E-01  2.431E-02  1.480E-01
 1.0 -67.0       0.08   4.990E-01  4.008E-01  2.430E-02  1.468E-01
 1.0 -66.0       0.08   4.990E-01  4.008E-01  2.429E-02  1.455E-01
 1.0 -65.0       0.08   4.990E-01  4.008E-01  2.427E-02  1.446E-01
 1.0 -64.0       0.09   4.989E-01  4.008E-01  2.426E-02  1.441E-01
 1.0 -63.0       0.09   4.989E-01  4.009E-01  2.424E-02  1.431E-01
 1.0 -62.0       0.09   4.989E-01  4.009E-01  2.422E-02  1.428E-01
 1.0 -61.0       0.09   4.989E-01  4.009E-01  2.420E-02  1.418E-01
 1.0 -60.0       0.09   4.988E-01  4.009E-01  2.418E-02  1.409E-01
 1.0 -59.0       0.09   4.988E-01  4.010E-01  2.416E-02  1.397E-01
 1.0 -58.0       0.09   4.988E-01  4.010E-01  2.414E-02  1.383E-01
 1.0 -57.0       0.10   4.987E-01  4.010E-01  2.411E-02  1.365E-01
 1.0 -56.0       0.10   4.987E-01  4.010E-01  2.408E-02  1.345E-01
 1.0 -55.0       0.10   4.987E-01  4.011E-01  2.405E-02  1.325E-01
 1.0 -54.0       0.10   4.986E-01  4.011E-01  2.402E-02  1.311E-01
 1.0 -53.0       0.10   4.986E-01  4.012E-01  2.399E-02  1.306E-01
 1.0 -52.0       0.11   4.985E-01  4.012E-01  2.395E-02  1.309E-01
 1.0 -51.0       0.11   4.985E-01  4.012E-01  2.392E-02  1.319E-01
 1.0 -50.0       0.11   4.984E-01  4.013E-01  2.387E-02  1.328E-01
 1.0 -49.0       0.11   4.983E-01  4.013E-01  2.383E-02  1.335E-01
 1.0 -48.0       0.11   4.983E-01  4.014E-01  2.378E-02  1.336E-01
 1.0 -47.0       0.12   4.982E-01  4.014E-01  2.373E-02  1.331E-01
 1.0 -46.0       0.12   4.981E-01  4.015E-01  2.368E-02  1.320E-01
 1.0 -45.0       0.12   4.980E-01  4.016E-01  2.362E-02  1.303E-01
 1.0 -44.0       0.12   4.980E-01  4.016E-01  2.357E-02  1.290E-01
 1.0 -43.0       0.13   4.979E-01  4.017E-01  2.353E-02  1.288E-01
 1.0 -42.0       0.13   4.978E-01  4.017E-01  2.349E-02  1.300E-01
 1.0 -41.0       0.13   4.978E-01  4.018E-01  2.344E-02  1.321E-01
 1.0 -40.0       0.14   4.977E-01  4.018E-01  2.337E-02  1.341E-01
 1.0 -39.0       0.14   4.976E-01  4.019E-01  2.330E-02  1.358E-01
 1.0 -38.0       0.14   4.975E-01  4.020E-01  2.322E-02  1.370E-01
 1.0 -37.0       0.15   4.974E-01  4.021E-01  2.313E-02  1.375E-01
 1.0 -36.0       0.15   4.972E-01  4.022E-01  2.304E-02  1.370E-01
 1.0 -35.0       0.15   4.971E-01  4.023E-01  2.295E-02  1.352E-01
 1.0 -34.0       0.16   4.970E-01  4.024E-01  2.286E-02  1.324E-01
 1.0 -33.0       0.16   4.969E-01  4.025E-01  2.278E-02  1.297E-01
 1.0 -32.0       0.17   4.967E-01  4.026E-01  2.269E-02  1.294E-01
 1.0 -31.0       0.17   4.966E-01  4.027E-01  2.258E-02  1.318E-01
 1.0 -30.0       0.18   4.964E-01  4.029E-01  2.245E-02  1.345E-01
 1.0 -29.0       0.18   4.962E-01  4.030E-01  2.232E-02  1.358E-01
 1.0 -28.0       0.19   4.961E-01  4.032E-01  2.218E-02  1.358E-01
 1.0 -27.0       0.20   4.959E-01  4.033E-01  2.202E-02  1.352E-01
 1.0 -26.0       0.20   4.956E-01  4.035E-01  2.184E-02  1.347E-01
 1.0 -25.0       0.21   4.954E-01  4.037E-01  2.164E-02  1.339E-01
 1.0 -24.0       0.22   4.951E-01  4.039E-01  2.143E-02  1.329E-01
 1.0 -23.0       0.23   4.948E-01  4.042E-01  2.121E-02  1.310E-01
 1.0 -22.0       0.24   4.945E-01  4.044E-01  2.099E-02  1.291E-01
 1.0 -21.0       0.25   4.943E-01  4.046E-01  2.076E-02  1.258E-01
 1.0 -20.0       0.26   4.940E-01  4.048E-01  2.052E-02  1.238E-01
 1.0 -19.0       0.27   4.935E-01  4.052E-01  2.020E-02  1.224E-01
 1.0 -18.0       0.29   4.929E-01  4.056E-01  1.974E-02  1.247E-01
 1.0 -17.0       0.30   4.923E-01  4.062E-01  1.920E-02  1.243E-01
 1.0 -16.0       0.32   4.915E-01  4.068E-01  1.862E-02  1.250E-01
 1.0 -15.0       0.34   4.908E-01  4.074E-01  1.796E-02  1.220E-01
 1.0 -14.0       0.36   4.899E-01  4.081E-01  1.717E-02  1.220E-01
 1.0 -13.0       0.39   4.888E-01  4.089E-01  1.625E-02  1.180E-01
 1.0 -12.0       0.42   4.877E-01  4.099E-01  1.520E-02  1.171E-01
 1.0 -11.0       0.46   4.865E-01  4.108E-01  1.407E-02  1.101E-01
 1.0 -10.0       0.50   4.853E-01  4.118E-01  1.293E-02  1.069E-01
 1.0  -9.0       0.56   4.842E-01  4.126E-01  1.177E-02  9.611E-02
 1.0  -8.0       0.63   4.832E-01  4.134E-01  1.033E-02  9.297E-02
 1.0  -7.0       0.71   4.823E-01  4.142E-01  8.442E-03  8.361E-02
 1.0 *****       0.05   4.996E-01  4.003E-01  2.472E-02  1.351E-01
 1.0 *****       0.06   4.996E-01  4.003E-01  2.471E-02  1.351E-01
 1.0 -99.0       0.06   4.996E-01  4.003E-01  2.471E-02  1.349E-01
 1.0 -98.0       0.06   4.996E-01  4.003E-01  2.470E-02  1.357E-01
 1.0 -97.0       0.06   4.996E-01  4.003E-01  2.470E-02  1.355E-01
 1.0 -96.0       0.06   4.996E-01  4.003E-01  2.469E-02  1.360E-01
 1.0 -95.0       0.06   4.996E-01  4.004E-01  2.468E-02  1.359E-01
 1.0 -94.0       0.06   4.995E-01  4.004E-01  2.468E-02  1.370E-01
 1.0 -93.0       0.06   4.995E-01  4.004E-01  2.467E-02  1.365E-01
 1.0 -92.0       0.06   4.995E-01  4.004E-01  2.466E-02  1.377E-01
 1.0 -91.0       0.06   4.995E-01  4.004E-01  2.465E-02  1.377E-01
 1.0 -90.0       0.06   4.995E-01  4.004E-01  2.464E-02  1.385E-01
 1.0 -89.0       0.06   4.995E-01  4.004E-01  2.464E-02  1.392E-01
 1.0 -88.0       0.06   4.995E-01  4.004E-01  2.462E-02  1.395E-01
 1.0 -87.0       0.06   4.995E-01  4.004E-01  2.462E-02  1.405E-01
 1.0 -86.0       0.06   4.994E-01  4.004E-01  2.460E-02  1.409E-01
 1.0 -85.0       0.06   4.994E-01  4.005E-01  2.459E-02  1.421E-01
 1.0 -84.0       0.07   4.994E-01  4.005E-01  2.458E-02  1.426E-01
 1.0 -83.0       0.07   4.994E-01  4.005E-01  2.456E-02  1.438E-01
 1.0 -82.0       0.07   4.994E-01  4.005E-01  2.455E-02  1.446E-01
 1.0 -81.0       0.07   4.993E-01  4.005E-01  2.453E-02  1.454E-01
 1.0 -80.0       0.07   4.993E-01  4.005E-01  2.451E-02  1.466E-01
 1.0 -79.0       0.07   4.993E-01  4.006E-01  2.450E-02  1.477E-01
 1.0 -78.0       0.07   4.993E-01  4.006E-01  2.448E-02  1.485E-01
 1.0 -77.0       0.07   4.992E-01  4.006E-01  2.446E-02  1.499E-01
 1.0 -76.0       0.07   4.992E-01  4.006E-01  2.444E-02  1.506E-01
 1.0 -75.0       0.07   4.992E-01  4.006E-01  2.442E-02  1.515E-01
 1.0 -74.0       0.07   4.992E-01  4.007E-01  2.440E-02  1.521E-01
 1.0 -73.0       0.08   4.991E-01  4.007E-01  2.439E-02  1.523E-01
 1.0 -72.0       0.08   4.991E-01  4.007E-01  2.437E-02  1.523E-01
 1.0 -71.0       0.08   4.991E-01  4.007E-01  2.435E-02  1.518E-01
 1.0 -70.0       0.08   4.991E-01  4.007E-01  2.434E-02  1.508E-01
 1.0 -69.0       0.08   4.990E-01  4.008E-01  2.433E-02  1.496E-01
 1.0 -68.0       0.08   4.990E-01  4.008E-01  2.431E-02  1.480E-01
 1.0 -67.0       0.08   4.990E-01  4.008E-01  2.430E-02  1.468E-01
 1.0 -66.0       0.08   4.990E-01  4.008E-01  2.429E-02  1.455E-01
 1.0 -65.0       0.08   4.990E-01  4.008E-01  2.427E-02  1.446E-01
 1.0 -64.0       0.09   4.989E-01  4.008E-01  2.426E-02  1.441E-01
 1.0 -63.0       0.09   4.989E-01  4.009E-01  2.424E-02  1.431E-01
 1.0 -62.0       0.09   4.989E-01  4.009E-01  2.422E-02  1.428E-01
 1.0 -61.0       0.09   4.989E-01  4.009E-01  2.420E-02  1.418E-01
 1.0 -60.0       0.09   4.988E-01  4.009E-01  2.418E-02  1.409E-01
 1.0 -59.0       0.09   4.988E-01  4.010E-01  2.416E-02  1.397E-01
 1.0 -58.0       0.09   4.988E-01  4.010E-01  2.414E-02  1.383E-01
 1.0 -57.0       0.10   4.987E-01  4.010E-01  2.411E-02  1.365E-01
 1.0 -56.0       0.10   4.987E-01  4.010E-01  2.408E-02  1.345E-01
 1.0 -55.0       0.10   4.987E-01  4.011E-01  2.405E-02  1.325E-01
 1.0 -54.0       0.10   4.986E-01  4.011E-01  2.402E-02  1.311E-01
 1.0 -53.0       0.10   4.986E-01  4.012E-01  2.399E-02  1.306E-01
 1.0 -52.0       0.11   4.985E-01  4.012E-01  2.395E-02  1.309E-01
 1.0 -51.0       0.11   4.985E-01  4.012E-01  2.392E-02  1.319E-01
 1.0 -50.0       0.11   4.984E-01  4.013E-01  2.387E-02  1.328E-01
 1.0 -49.0       0.11   4.983E-01  4.013E-01  2.383E-02  1.335E-01
 1.0 -48.0       0.11   4.983E-01  4.014E-01  2.378E-02  1.336E-01
 1.0 -47.0       0.12   4.982E-01  4.014E-01  2.373E-02  1.331E-01
 1.0 -46.0       0.12   4.981E-01  4.015E-01  2.368E-02  1.320E-01
 1.0 -45.0       0.12   4.980E-01  4.016E-01  2.362E-02  1.303E-01
 1.0 -44.0       0.12   4.980E-01  4.016E-01  2.357E-02  1.290E-01
 1.0 -43.0       0.13   4.979E-01  4.017E-01  2.353E-02  1.288E-01
 1.0 -42.0       0.13   4.978E-01  4.017E-01  2.349E-02  1.300E-01
 1.0 -41.0       0.13   4.978E-01  4.018E-01  2.344E-02  1.321E-01
 1.0 -40.0       0.14   4.977E-01  4.018E-01  2.337E-02  1.341E-01
 1.0 -39.0       0.14   4.976E-01  4.019E-01  2.330E-02  1.358E-01
 1.0 -38.0       0.14   4.975E-01  4.020E-01  2.322E-02  1.370E-01
 1.0 -37.0       0.15   4.974E-01  4.021E-01  2.313E-02  1.375E-01
 1.0 -36.0       0.15   4.972E-01  4.022E-01  2.304E-02  1.370E-01
 1.0 -35.0       0.15   4.971E-01  4.023E-01  2.295E-02  1.352E-01
 1.0 -34.0       0.16   4.970E-01  4.024E-01  2.286E-02  1.324E-01
 1.0 -33.0       0.16   4.969E-01  4.025E-01  2.278E-02  1.297E-01
 1.0 -32.0       0.17   4.967E-01  4.026E-01  2.269E-02  1.294E-01
 1.0 -31.0       0.17   4.966E-01  4.027E-01  2.258E-02  1.318E-01
 1.0 -30.0       0.18   4.964E-01  4.029E-01  2.245E-02  1.345E-01
 1.0 -29.0       0.18   4.962E-01  4.030E-01  2.232E-02  1.358E-01
 1.0 -28.0       0.19   4.961E-01  4.032E-01  2.218E-02  1.358E-01
 1.0 -27.0       0.20   4.959E-01  4.033E-01  2.202E-02  1.352E-01
 1.0 -26.0       0.20   4.956E-01  4.035E-01  2.184E-02  1.347E-01
 1.0 -25.0       0.21   4.954E-01  4.037E-01  2.164E-02  1.339E-01
 1.0 -24.0       0.22   4.951E-01  4.039E-01  2.143E-02  1.329E-01
 1.0 -23.0       0.23   4.948E-01  4.042E-01  2.121E-02  1.310E-01
 1.0 -22.0       0.24   4.945E-01  4.044E-01  2.099E-02  1.291E-01
 1.0 -21.0       0.25   4.943E-01  4.046E-01  2.076E-02  1.258E-01
 1.0 -20.0       0.26   4.940E-01  4.048E-01  2.052E-02  1.238E-01
 1.0 -19.0       0.27   4.935E-01  4.052E-01  2.020E-02  1.224E-01
 1.0 -18.0       0.29   4.929E-01  4.056E-01  1.974E-02  1.247E-01
 1.0 -17.0       0.30   4.923E-01  4.062E-01  1.920E-02  1.243E-01
 1.0 -16.0       0.32   4.915E-01  4.068E-01  1.862E-02  1.250E-01
 1.0 -15.0       0.34   4.908E-01  4.074E-01  1.796E-02  1.220E-01
 1.0 -14.0       0.36   4.899E-01  4.081E-01  1.717E-02  1.220E-01
 1.0 -13.0       0.39   4.888E-01  4.089E-01  1.625E-02  1.180E-01
 1.0 -12.0       0.42   4.877E-01  4.099E-01  1.520E-02  1.171E-01
 1.0 -11.0       0.46   4.865E-01  4.108E-01  1.407E-02  1.101E-01
 1.0 -10.0       0.50   4.853E-01  4.118E-01  1.293E-02  1.069E-01
 1.0  -9.0       0.56   4.842E-01  4.126E-01  1.177E-02  9.611E-02
 1.0  -8.0       0.63   4.832E-01  4.134E-01  1.033E-02  9.297E-02
 1.0  -7.0       0.71   4.823E-01  4.142E-01  8.442E-03  8.361E-02
