#  Dump contents of common/cobs_param/
#
#  Frequency from: Eigenfrequency (possibly corrected)
#
# degree, order, em, frequency (microHz), inertia,  beta, splitting1 (microHz), splitting2 (microHz),  splitting3 (microHz) 
#
       1    -101    -1.0             3.00952         1.36733E-01            0.500396         8.27672E-01         3.64174E-01         2.22600E-02
       1    -100    -1.0             3.03966         1.27192E-01            0.500404         8.27685E-01         3.60573E-01         2.20290E-02
       1     -99    -1.0             3.07041         1.18152E-01            0.500412         8.27698E-01         3.56969E-01         2.18018E-02
       1     -98    -1.0             3.10179         1.09551E-01            0.500419         8.27710E-01         3.53367E-01         2.15680E-02
       1     -97    -1.0             3.13380         1.01423E-01            0.500428         8.27725E-01         3.49767E-01         2.13377E-02
       1     -96    -1.0             3.16644         9.37368E-02            0.500437         8.27739E-01         3.46171E-01         2.11093E-02
       1     -95    -1.0             3.19973         8.65037E-02            0.500447         8.27757E-01         3.42579E-01         2.08762E-02
       1     -94    -1.0             3.23370         7.97048E-02            0.500456         8.27771E-01         3.38992E-01         2.06457E-02
       1     -93    -1.0             3.26837         7.33441E-02            0.500468         8.27791E-01         3.35407E-01         2.04149E-02
       1     -92    -1.0             3.30379         6.74156E-02            0.500477         8.27807E-01         3.31822E-01         2.01825E-02
       1     -91    -1.0             3.33999         6.18784E-02            0.500490         8.27828E-01         3.28237E-01         1.99526E-02
       1     -90    -1.0             3.37703         5.67316E-02            0.500502         8.27848E-01         3.24650E-01         1.97177E-02
       1     -89    -1.0             3.41492         5.19271E-02            0.500515         8.27870E-01         3.21061E-01         1.94866E-02
       1     -88    -1.0             3.45368         4.74756E-02            0.500530         8.27894E-01         3.17471E-01         1.92497E-02
       1     -87    -1.0             3.49332         4.33472E-02            0.500544         8.27918E-01         3.13882E-01         1.90193E-02
       1     -86    -1.0             3.53385         3.95409E-02            0.500561         8.27946E-01         3.10298E-01         1.87817E-02
       1     -85    -1.0             3.57525         3.60409E-02            0.500578         8.27974E-01         3.06721E-01         1.85469E-02
       1     -84    -1.0             3.61751         3.28486E-02            0.500598         8.28006E-01         3.03154E-01         1.83132E-02
       1     -83    -1.0             3.66064         2.99620E-02            0.500617         8.28039E-01         2.99601E-01         1.80758E-02
       1     -82    -1.0             3.70464         2.73741E-02            0.500639         8.28074E-01         2.96060E-01         1.78439E-02
       1     -81    -1.0             3.74958         2.50731E-02            0.500661         8.28111E-01         2.92531E-01         1.76079E-02
       1     -80    -1.0             3.79553         2.30368E-02            0.500684         8.28148E-01         2.89009E-01         1.73734E-02
       1     -79    -1.0             3.84259         2.12413E-02            0.500707         8.28187E-01         2.85489E-01         1.71392E-02
       1     -78    -1.0             3.89087         1.96721E-02            0.500732         8.28229E-01         2.81967E-01         1.69053E-02
       1     -77    -1.0             3.94048         1.83120E-02            0.500756         8.28268E-01         2.78438E-01         1.66684E-02
       1     -76    -1.0             3.99149         1.71461E-02            0.500783         8.28313E-01         2.74900E-01         1.64332E-02
       1     -75    -1.0             4.04395         1.61624E-02            0.500809         8.28355E-01         2.71355E-01         1.61977E-02
       1     -74    -1.0             4.09788         1.53466E-02            0.500835         8.28399E-01         2.67805E-01         1.59606E-02
       1     -73    -1.0             4.15330         1.46964E-02            0.500862         8.28443E-01         2.64251E-01         1.57274E-02
       1     -72    -1.0             4.21021         1.42087E-02            0.500887         8.28484E-01         2.60699E-01         1.54938E-02
       1     -71    -1.0             4.26862         1.38805E-02            0.500910         8.28523E-01         2.57150E-01         1.52625E-02
       1     -70    -1.0             4.32855         1.37013E-02            0.500932         8.28559E-01         2.53605E-01         1.50364E-02
       1     -69    -1.0             4.39006         1.36483E-02            0.500951         8.28591E-01         2.50066E-01         1.48093E-02
       1     -68    -1.0             4.45324         1.36911E-02            0.500971         8.28623E-01         2.46532E-01         1.45855E-02
       1     -67    -1.0             4.51824         1.37981E-02            0.500989         8.28653E-01         2.42999E-01         1.43614E-02
       1     -66    -1.0             4.58525         1.39363E-02            0.501009         8.28686E-01         2.39462E-01         1.41350E-02
       1     -65    -1.0             4.65448         1.40917E-02            0.501031         8.28723E-01         2.35917E-01         1.39078E-02
       1     -64    -1.0             4.72611         1.42585E-02            0.501053         8.28760E-01         2.32358E-01         1.36789E-02
       1     -63    -1.0             4.80030         1.44463E-02            0.501080         8.28803E-01         2.28784E-01         1.34466E-02
       1     -62    -1.0             4.87718         1.46601E-02            0.501105         8.28844E-01         2.25197E-01         1.32153E-02
       1     -61    -1.0             4.95681         1.49036E-02            0.501133         8.28892E-01         2.21598E-01         1.29815E-02
       1     -60    -1.0             5.03919         1.51803E-02            0.501162         8.28940E-01         2.17995E-01         1.27495E-02
       1     -59    -1.0             5.12431         1.54887E-02            0.501194         8.28992E-01         2.14394E-01         1.25152E-02
       1     -58    -1.0             5.21207         1.58343E-02            0.501228         8.29049E-01         2.10804E-01         1.22837E-02
       1     -57    -1.0             5.30235         1.62208E-02            0.501265         8.29110E-01         2.07235E-01         1.20534E-02
       1     -56    -1.0             5.39505         1.66385E-02            0.501305         8.29176E-01         2.03696E-01         1.18243E-02
       1     -55    -1.0             5.49015         1.70384E-02            0.501349         8.29249E-01         2.00190E-01         1.15971E-02
       1     -54    -1.0             5.58794         1.73392E-02            0.501395         8.29325E-01         1.96712E-01         1.13684E-02
       1     -53    -1.0             5.68906         1.74640E-02            0.501443         8.29404E-01         1.93242E-01         1.11374E-02
       1     -52    -1.0             5.79437         1.74036E-02            0.501492         8.29485E-01         1.89759E-01         1.09034E-02
       1     -51    -1.0             5.90458         1.72125E-02            0.501543         8.29570E-01         1.86248E-01         1.06640E-02
       1     -50    -1.0             6.02002         1.69628E-02            0.501600         8.29663E-01         1.82710E-01         1.04210E-02
       1     -49    -1.0             6.14071         1.67134E-02            0.501661         8.29765E-01         1.79154E-01         1.01782E-02
       1     -48    -1.0             6.26648         1.65094E-02            0.501730         8.29879E-01         1.75594E-01         9.93364E-03
       1     -47    -1.0             6.39704         1.63846E-02            0.501803         8.30000E-01         1.72047E-01         9.69249E-03
       1     -46    -1.0             6.53198         1.63486E-02            0.501882         8.30130E-01         1.68529E-01         9.45457E-03
       1     -45    -1.0             6.67099         1.63682E-02            0.501960         8.30260E-01         1.65052E-01         9.22210E-03
       1     -44    -1.0             6.81423         1.63372E-02            0.502033         8.30380E-01         1.61616E-01         8.99339E-03
       1     -43    -1.0             6.96295         1.61210E-02            0.502097         8.30485E-01         1.58198E-01         8.76354E-03
       1     -42    -1.0             7.11927         1.56966E-02            0.502155         8.30581E-01         1.54759E-01         8.52809E-03
       1     -41    -1.0             7.28516         1.51636E-02            0.502219         8.30688E-01         1.51276E-01         8.28402E-03
       1     -40    -1.0             7.46165         1.46168E-02            0.502299         8.30820E-01         1.47743E-01         8.03260E-03
       1     -39    -1.0             7.64902         1.41087E-02            0.502397         8.30983E-01         1.44174E-01         7.77552E-03
       1     -38    -1.0             7.84718         1.36700E-02            0.502511         8.31170E-01         1.40588E-01         7.51602E-03
       1     -37    -1.0             8.05588         1.33406E-02            0.502636         8.31377E-01         1.37001E-01         7.25792E-03
       1     -36    -1.0             8.27470         1.31644E-02            0.502764         8.31589E-01         1.33432E-01         7.00625E-03
       1     -35    -1.0             8.50280         1.31676E-02            0.502892         8.31800E-01         1.29902E-01         6.76433E-03
       1     -34    -1.0             8.73880         1.33315E-02            0.503014         8.32002E-01         1.26439E-01         6.53463E-03
       1     -33    -1.0             8.98184         1.35236E-02            0.503129         8.32193E-01         1.23060E-01         6.31108E-03
       1     -32    -1.0             9.23464         1.34955E-02            0.503250         8.32394E-01         1.19742E-01         6.07798E-03
       1     -31    -1.0             9.50436         1.32191E-02            0.503397         8.32637E-01         1.16411E-01         5.82474E-03
       1     -30    -1.0             9.79791         1.29794E-02            0.503570         8.32922E-01         1.12998E-01         5.55875E-03
       1     -29    -1.0            10.11870         1.29634E-02            0.503750         8.33221E-01         1.09491E-01         5.29333E-03
       1     -28    -1.0            10.46830         1.31470E-02            0.503938         8.33531E-01         1.05907E-01         5.02927E-03
       1     -27    -1.0            10.84796         1.34224E-02            0.504143         8.33870E-01         1.02276E-01         4.76265E-03
       1     -26    -1.0            11.25905         1.37072E-02            0.504377         8.34257E-01         9.86243E-02         4.48946E-03
       1     -25    -1.0            11.70317         1.39974E-02            0.504636         8.34686E-01         9.49691E-02         4.21419E-03
       1     -24    -1.0            12.18216         1.43343E-02            0.504909         8.35137E-01         9.13248E-02         3.93986E-03
       1     -23    -1.0            12.69754         1.47481E-02            0.505188         8.35598E-01         8.77056E-02         3.67343E-03
       1     -22    -1.0            13.24926         1.52633E-02            0.505467         8.36060E-01         8.41416E-02         3.41068E-03
       1     -21    -1.0            13.83542         1.59079E-02            0.505742         8.36514E-01         8.06570E-02         3.16664E-03
       1     -20    -1.0            14.45577         1.66162E-02            0.506041         8.37010E-01         7.72858E-02         2.91855E-03
       1     -19    -1.0            15.12229         1.71488E-02            0.506466         8.37712E-01         7.39911E-02         2.65569E-03
       1     -18    -1.0            15.86252         1.75477E-02            0.507060         8.38695E-01         7.06976E-02         2.33706E-03
       1     -17    -1.0            16.70543         1.82227E-02            0.507740         8.39820E-01         6.72909E-02         2.02435E-03
       1     -16    -1.0            17.67239         1.93690E-02            0.508451         8.40996E-01         6.37858E-02         1.69025E-03
       1     -15    -1.0            18.78296         2.08764E-02            0.509233         8.42289E-01         6.01823E-02         1.37825E-03
       1     -14    -1.0            20.06040         2.26666E-02            0.510132         8.43776E-01         5.65568E-02         1.01993E-03
       1     -13    -1.0            21.53686         2.48160E-02            0.511168         8.45490E-01         5.28786E-02         6.92295E-04
       1     -12    -1.0            23.25918         2.76109E-02            0.512315         8.47387E-01         4.92050E-02         3.17059E-04
       1     -11    -1.0            25.29026         3.13617E-02            0.513540         8.49413E-01         4.54600E-02         1.77503E-05
       1     -10    -1.0            27.72387         3.66061E-02            0.514716         8.51359E-01         4.17144E-02        -3.24502E-04
       1      -9    -1.0            30.70571         4.35002E-02            0.515760         8.53085E-01         3.78373E-02        -5.45364E-04
       1      -8    -1.0            34.46006         5.04335E-02            0.516803         8.54811E-01         3.39880E-02        -9.10493E-04
       1      -7    -1.0            39.30722         5.51925E-02            0.517714         8.56318E-01         3.00196E-02        -1.18746E-03
       1    -101     0.0             3.00952         1.36733E-01            0.500396         8.27672E-01         3.64174E-01         2.22600E-02
       1    -100     0.0             3.03966         1.27192E-01            0.500404         8.27685E-01         3.60573E-01         2.20290E-02
       1     -99     0.0             3.07041         1.18152E-01            0.500412         8.27698E-01         3.56969E-01         2.18018E-02
       1     -98     0.0             3.10179         1.09551E-01            0.500419         8.27710E-01         3.53367E-01         2.15680E-02
       1     -97     0.0             3.13380         1.01423E-01            0.500428         8.27725E-01         3.49767E-01         2.13377E-02
       1     -96     0.0             3.16644         9.37368E-02            0.500437         8.27739E-01         3.46171E-01         2.11093E-02
       1     -95     0.0             3.19973         8.65037E-02            0.500447         8.27757E-01         3.42579E-01         2.08762E-02
       1     -94     0.0             3.23370         7.97048E-02            0.500456         8.27771E-01         3.38992E-01         2.06457E-02
       1     -93     0.0             3.26837         7.33441E-02            0.500468         8.27791E-01         3.35407E-01         2.04149E-02
       1     -92     0.0             3.30379         6.74156E-02            0.500477         8.27807E-01         3.31822E-01         2.01825E-02
       1     -91     0.0             3.33999         6.18784E-02            0.500490         8.27828E-01         3.28237E-01         1.99526E-02
       1     -90     0.0             3.37703         5.67316E-02            0.500502         8.27848E-01         3.24650E-01         1.97177E-02
       1     -89     0.0             3.41492         5.19271E-02            0.500515         8.27870E-01         3.21061E-01         1.94866E-02
       1     -88     0.0             3.45368         4.74756E-02            0.500530         8.27894E-01         3.17471E-01         1.92497E-02
       1     -87     0.0             3.49332         4.33472E-02            0.500544         8.27918E-01         3.13882E-01         1.90193E-02
       1     -86     0.0             3.53385         3.95409E-02            0.500561         8.27946E-01         3.10298E-01         1.87817E-02
       1     -85     0.0             3.57525         3.60409E-02            0.500578         8.27974E-01         3.06721E-01         1.85469E-02
       1     -84     0.0             3.61751         3.28486E-02            0.500598         8.28006E-01         3.03154E-01         1.83132E-02
       1     -83     0.0             3.66064         2.99620E-02            0.500617         8.28039E-01         2.99601E-01         1.80758E-02
       1     -82     0.0             3.70464         2.73741E-02            0.500639         8.28074E-01         2.96060E-01         1.78439E-02
       1     -81     0.0             3.74958         2.50731E-02            0.500661         8.28111E-01         2.92531E-01         1.76079E-02
       1     -80     0.0             3.79553         2.30368E-02            0.500684         8.28148E-01         2.89009E-01         1.73734E-02
       1     -79     0.0             3.84259         2.12413E-02            0.500707         8.28187E-01         2.85489E-01         1.71392E-02
       1     -78     0.0             3.89087         1.96721E-02            0.500732         8.28229E-01         2.81967E-01         1.69053E-02
       1     -77     0.0             3.94048         1.83120E-02            0.500756         8.28268E-01         2.78438E-01         1.66684E-02
       1     -76     0.0             3.99149         1.71461E-02            0.500783         8.28313E-01         2.74900E-01         1.64332E-02
       1     -75     0.0             4.04395         1.61624E-02            0.500809         8.28355E-01         2.71355E-01         1.61977E-02
       1     -74     0.0             4.09788         1.53466E-02            0.500835         8.28399E-01         2.67805E-01         1.59606E-02
       1     -73     0.0             4.15330         1.46964E-02            0.500862         8.28443E-01         2.64251E-01         1.57274E-02
       1     -72     0.0             4.21021         1.42087E-02            0.500887         8.28484E-01         2.60699E-01         1.54938E-02
       1     -71     0.0             4.26862         1.38805E-02            0.500910         8.28523E-01         2.57150E-01         1.52625E-02
       1     -70     0.0             4.32855         1.37013E-02            0.500932         8.28559E-01         2.53605E-01         1.50364E-02
       1     -69     0.0             4.39006         1.36483E-02            0.500951         8.28591E-01         2.50066E-01         1.48093E-02
       1     -68     0.0             4.45324         1.36911E-02            0.500971         8.28623E-01         2.46532E-01         1.45855E-02
       1     -67     0.0             4.51824         1.37981E-02            0.500989         8.28653E-01         2.42999E-01         1.43614E-02
       1     -66     0.0             4.58525         1.39363E-02            0.501009         8.28686E-01         2.39462E-01         1.41350E-02
       1     -65     0.0             4.65448         1.40917E-02            0.501031         8.28723E-01         2.35917E-01         1.39078E-02
       1     -64     0.0             4.72611         1.42585E-02            0.501053         8.28760E-01         2.32358E-01         1.36789E-02
       1     -63     0.0             4.80030         1.44463E-02            0.501080         8.28803E-01         2.28784E-01         1.34466E-02
       1     -62     0.0             4.87718         1.46601E-02            0.501105         8.28844E-01         2.25197E-01         1.32153E-02
       1     -61     0.0             4.95681         1.49036E-02            0.501133         8.28892E-01         2.21598E-01         1.29815E-02
       1     -60     0.0             5.03919         1.51803E-02            0.501162         8.28940E-01         2.17995E-01         1.27495E-02
       1     -59     0.0             5.12431         1.54887E-02            0.501194         8.28992E-01         2.14394E-01         1.25152E-02
       1     -58     0.0             5.21207         1.58343E-02            0.501228         8.29049E-01         2.10804E-01         1.22837E-02
       1     -57     0.0             5.30235         1.62208E-02            0.501265         8.29110E-01         2.07235E-01         1.20534E-02
       1     -56     0.0             5.39505         1.66385E-02            0.501305         8.29176E-01         2.03696E-01         1.18243E-02
       1     -55     0.0             5.49015         1.70384E-02            0.501349         8.29249E-01         2.00190E-01         1.15971E-02
       1     -54     0.0             5.58794         1.73392E-02            0.501395         8.29325E-01         1.96712E-01         1.13684E-02
       1     -53     0.0             5.68906         1.74640E-02            0.501443         8.29404E-01         1.93242E-01         1.11374E-02
       1     -52     0.0             5.79437         1.74036E-02            0.501492         8.29485E-01         1.89759E-01         1.09034E-02
       1     -51     0.0             5.90458         1.72125E-02            0.501543         8.29570E-01         1.86248E-01         1.06640E-02
       1     -50     0.0             6.02002         1.69628E-02            0.501600         8.29663E-01         1.82710E-01         1.04210E-02
       1     -49     0.0             6.14071         1.67134E-02            0.501661         8.29765E-01         1.79154E-01         1.01782E-02
       1     -48     0.0             6.26648         1.65094E-02            0.501730         8.29879E-01         1.75594E-01         9.93364E-03
       1     -47     0.0             6.39704         1.63846E-02            0.501803         8.30000E-01         1.72047E-01         9.69249E-03
       1     -46     0.0             6.53198         1.63486E-02            0.501882         8.30130E-01         1.68529E-01         9.45457E-03
       1     -45     0.0             6.67099         1.63682E-02            0.501960         8.30260E-01         1.65052E-01         9.22210E-03
       1     -44     0.0             6.81423         1.63372E-02            0.502033         8.30380E-01         1.61616E-01         8.99339E-03
       1     -43     0.0             6.96295         1.61210E-02            0.502097         8.30485E-01         1.58198E-01         8.76354E-03
       1     -42     0.0             7.11927         1.56966E-02            0.502155         8.30581E-01         1.54759E-01         8.52809E-03
       1     -41     0.0             7.28516         1.51636E-02            0.502219         8.30688E-01         1.51276E-01         8.28402E-03
       1     -40     0.0             7.46165         1.46168E-02            0.502299         8.30820E-01         1.47743E-01         8.03260E-03
       1     -39     0.0             7.64902         1.41087E-02            0.502397         8.30983E-01         1.44174E-01         7.77552E-03
       1     -38     0.0             7.84718         1.36700E-02            0.502511         8.31170E-01         1.40588E-01         7.51602E-03
       1     -37     0.0             8.05588         1.33406E-02            0.502636         8.31377E-01         1.37001E-01         7.25792E-03
       1     -36     0.0             8.27470         1.31644E-02            0.502764         8.31589E-01         1.33432E-01         7.00625E-03
       1     -35     0.0             8.50280         1.31676E-02            0.502892         8.31800E-01         1.29902E-01         6.76433E-03
       1     -34     0.0             8.73880         1.33315E-02            0.503014         8.32002E-01         1.26439E-01         6.53463E-03
       1     -33     0.0             8.98184         1.35236E-02            0.503129         8.32193E-01         1.23060E-01         6.31108E-03
       1     -32     0.0             9.23464         1.34955E-02            0.503250         8.32394E-01         1.19742E-01         6.07798E-03
       1     -31     0.0             9.50436         1.32191E-02            0.503397         8.32637E-01         1.16411E-01         5.82474E-03
       1     -30     0.0             9.79791         1.29794E-02            0.503570         8.32922E-01         1.12998E-01         5.55875E-03
       1     -29     0.0            10.11870         1.29634E-02            0.503750         8.33221E-01         1.09491E-01         5.29333E-03
       1     -28     0.0            10.46830         1.31470E-02            0.503938         8.33531E-01         1.05907E-01         5.02927E-03
       1     -27     0.0            10.84796         1.34224E-02            0.504143         8.33870E-01         1.02276E-01         4.76265E-03
       1     -26     0.0            11.25905         1.37072E-02            0.504377         8.34257E-01         9.86243E-02         4.48946E-03
       1     -25     0.0            11.70317         1.39974E-02            0.504636         8.34686E-01         9.49691E-02         4.21419E-03
       1     -24     0.0            12.18216         1.43343E-02            0.504909         8.35137E-01         9.13248E-02         3.93986E-03
       1     -23     0.0            12.69754         1.47481E-02            0.505188         8.35598E-01         8.77056E-02         3.67343E-03
       1     -22     0.0            13.24926         1.52633E-02            0.505467         8.36060E-01         8.41416E-02         3.41068E-03
       1     -21     0.0            13.83542         1.59079E-02            0.505742         8.36514E-01         8.06570E-02         3.16664E-03
       1     -20     0.0            14.45577         1.66162E-02            0.506041         8.37010E-01         7.72858E-02         2.91855E-03
       1     -19     0.0            15.12229         1.71488E-02            0.506466         8.37712E-01         7.39911E-02         2.65569E-03
       1     -18     0.0            15.86252         1.75477E-02            0.507060         8.38695E-01         7.06976E-02         2.33706E-03
       1     -17     0.0            16.70543         1.82227E-02            0.507740         8.39820E-01         6.72909E-02         2.02435E-03
       1     -16     0.0            17.67239         1.93690E-02            0.508451         8.40996E-01         6.37858E-02         1.69025E-03
       1     -15     0.0            18.78296         2.08764E-02            0.509233         8.42289E-01         6.01823E-02         1.37825E-03
       1     -14     0.0            20.06040         2.26666E-02            0.510132         8.43776E-01         5.65568E-02         1.01993E-03
       1     -13     0.0            21.53686         2.48160E-02            0.511168         8.45490E-01         5.28786E-02         6.92295E-04
       1     -12     0.0            23.25918         2.76109E-02            0.512315         8.47387E-01         4.92050E-02         3.17059E-04
       1     -11     0.0            25.29026         3.13617E-02            0.513540         8.49413E-01         4.54600E-02         1.77503E-05
       1     -10     0.0            27.72387         3.66061E-02            0.514716         8.51359E-01         4.17144E-02        -3.24502E-04
       1      -9     0.0            30.70571         4.35002E-02            0.515760         8.53085E-01         3.78373E-02        -5.45364E-04
       1      -8     0.0            34.46006         5.04335E-02            0.516803         8.54811E-01         3.39880E-02        -9.10493E-04
       1      -7     0.0            39.30722         5.51925E-02            0.517714         8.56318E-01         3.00196E-02        -1.18746E-03
       1    -101     1.0             3.00952         1.36733E-01            0.500396         8.27672E-01         3.64174E-01         2.22600E-02
       1    -100     1.0             3.03966         1.27192E-01            0.500404         8.27685E-01         3.60573E-01         2.20290E-02
       1     -99     1.0             3.07041         1.18152E-01            0.500412         8.27698E-01         3.56969E-01         2.18018E-02
       1     -98     1.0             3.10179         1.09551E-01            0.500419         8.27710E-01         3.53367E-01         2.15680E-02
       1     -97     1.0             3.13380         1.01423E-01            0.500428         8.27725E-01         3.49767E-01         2.13377E-02
       1     -96     1.0             3.16644         9.37368E-02            0.500437         8.27739E-01         3.46171E-01         2.11093E-02
       1     -95     1.0             3.19973         8.65037E-02            0.500447         8.27757E-01         3.42579E-01         2.08762E-02
       1     -94     1.0             3.23370         7.97048E-02            0.500456         8.27771E-01         3.38992E-01         2.06457E-02
       1     -93     1.0             3.26837         7.33441E-02            0.500468         8.27791E-01         3.35407E-01         2.04149E-02
       1     -92     1.0             3.30379         6.74156E-02            0.500477         8.27807E-01         3.31822E-01         2.01825E-02
       1     -91     1.0             3.33999         6.18784E-02            0.500490         8.27828E-01         3.28237E-01         1.99526E-02
       1     -90     1.0             3.37703         5.67316E-02            0.500502         8.27848E-01         3.24650E-01         1.97177E-02
       1     -89     1.0             3.41492         5.19271E-02            0.500515         8.27870E-01         3.21061E-01         1.94866E-02
       1     -88     1.0             3.45368         4.74756E-02            0.500530         8.27894E-01         3.17471E-01         1.92497E-02
       1     -87     1.0             3.49332         4.33472E-02            0.500544         8.27918E-01         3.13882E-01         1.90193E-02
       1     -86     1.0             3.53385         3.95409E-02            0.500561         8.27946E-01         3.10298E-01         1.87817E-02
       1     -85     1.0             3.57525         3.60409E-02            0.500578         8.27974E-01         3.06721E-01         1.85469E-02
       1     -84     1.0             3.61751         3.28486E-02            0.500598         8.28006E-01         3.03154E-01         1.83132E-02
       1     -83     1.0             3.66064         2.99620E-02            0.500617         8.28039E-01         2.99601E-01         1.80758E-02
       1     -82     1.0             3.70464         2.73741E-02            0.500639         8.28074E-01         2.96060E-01         1.78439E-02
       1     -81     1.0             3.74958         2.50731E-02            0.500661         8.28111E-01         2.92531E-01         1.76079E-02
       1     -80     1.0             3.79553         2.30368E-02            0.500684         8.28148E-01         2.89009E-01         1.73734E-02
       1     -79     1.0             3.84259         2.12413E-02            0.500707         8.28187E-01         2.85489E-01         1.71392E-02
       1     -78     1.0             3.89087         1.96721E-02            0.500732         8.28229E-01         2.81967E-01         1.69053E-02
       1     -77     1.0             3.94048         1.83120E-02            0.500756         8.28268E-01         2.78438E-01         1.66684E-02
       1     -76     1.0             3.99149         1.71461E-02            0.500783         8.28313E-01         2.74900E-01         1.64332E-02
       1     -75     1.0             4.04395         1.61624E-02            0.500809         8.28355E-01         2.71355E-01         1.61977E-02
       1     -74     1.0             4.09788         1.53466E-02            0.500835         8.28399E-01         2.67805E-01         1.59606E-02
       1     -73     1.0             4.15330         1.46964E-02            0.500862         8.28443E-01         2.64251E-01         1.57274E-02
       1     -72     1.0             4.21021         1.42087E-02            0.500887         8.28484E-01         2.60699E-01         1.54938E-02
       1     -71     1.0             4.26862         1.38805E-02            0.500910         8.28523E-01         2.57150E-01         1.52625E-02
       1     -70     1.0             4.32855         1.37013E-02            0.500932         8.28559E-01         2.53605E-01         1.50364E-02
       1     -69     1.0             4.39006         1.36483E-02            0.500951         8.28591E-01         2.50066E-01         1.48093E-02
       1     -68     1.0             4.45324         1.36911E-02            0.500971         8.28623E-01         2.46532E-01         1.45855E-02
       1     -67     1.0             4.51824         1.37981E-02            0.500989         8.28653E-01         2.42999E-01         1.43614E-02
       1     -66     1.0             4.58525         1.39363E-02            0.501009         8.28686E-01         2.39462E-01         1.41350E-02
       1     -65     1.0             4.65448         1.40917E-02            0.501031         8.28723E-01         2.35917E-01         1.39078E-02
       1     -64     1.0             4.72611         1.42585E-02            0.501053         8.28760E-01         2.32358E-01         1.36789E-02
       1     -63     1.0             4.80030         1.44463E-02            0.501080         8.28803E-01         2.28784E-01         1.34466E-02
       1     -62     1.0             4.87718         1.46601E-02            0.501105         8.28844E-01         2.25197E-01         1.32153E-02
       1     -61     1.0             4.95681         1.49036E-02            0.501133         8.28892E-01         2.21598E-01         1.29815E-02
       1     -60     1.0             5.03919         1.51803E-02            0.501162         8.28940E-01         2.17995E-01         1.27495E-02
       1     -59     1.0             5.12431         1.54887E-02            0.501194         8.28992E-01         2.14394E-01         1.25152E-02
       1     -58     1.0             5.21207         1.58343E-02            0.501228         8.29049E-01         2.10804E-01         1.22837E-02
       1     -57     1.0             5.30235         1.62208E-02            0.501265         8.29110E-01         2.07235E-01         1.20534E-02
       1     -56     1.0             5.39505         1.66385E-02            0.501305         8.29176E-01         2.03696E-01         1.18243E-02
       1     -55     1.0             5.49015         1.70384E-02            0.501349         8.29249E-01         2.00190E-01         1.15971E-02
       1     -54     1.0             5.58794         1.73392E-02            0.501395         8.29325E-01         1.96712E-01         1.13684E-02
       1     -53     1.0             5.68906         1.74640E-02            0.501443         8.29404E-01         1.93242E-01         1.11374E-02
       1     -52     1.0             5.79437         1.74036E-02            0.501492         8.29485E-01         1.89759E-01         1.09034E-02
       1     -51     1.0             5.90458         1.72125E-02            0.501543         8.29570E-01         1.86248E-01         1.06640E-02
       1     -50     1.0             6.02002         1.69628E-02            0.501600         8.29663E-01         1.82710E-01         1.04210E-02
       1     -49     1.0             6.14071         1.67134E-02            0.501661         8.29765E-01         1.79154E-01         1.01782E-02
       1     -48     1.0             6.26648         1.65094E-02            0.501730         8.29879E-01         1.75594E-01         9.93364E-03
       1     -47     1.0             6.39704         1.63846E-02            0.501803         8.30000E-01         1.72047E-01         9.69249E-03
       1     -46     1.0             6.53198         1.63486E-02            0.501882         8.30130E-01         1.68529E-01         9.45457E-03
       1     -45     1.0             6.67099         1.63682E-02            0.501960         8.30260E-01         1.65052E-01         9.22210E-03
       1     -44     1.0             6.81423         1.63372E-02            0.502033         8.30380E-01         1.61616E-01         8.99339E-03
       1     -43     1.0             6.96295         1.61210E-02            0.502097         8.30485E-01         1.58198E-01         8.76354E-03
       1     -42     1.0             7.11927         1.56966E-02            0.502155         8.30581E-01         1.54759E-01         8.52809E-03
       1     -41     1.0             7.28516         1.51636E-02            0.502219         8.30688E-01         1.51276E-01         8.28402E-03
       1     -40     1.0             7.46165         1.46168E-02            0.502299         8.30820E-01         1.47743E-01         8.03260E-03
       1     -39     1.0             7.64902         1.41087E-02            0.502397         8.30983E-01         1.44174E-01         7.77552E-03
       1     -38     1.0             7.84718         1.36700E-02            0.502511         8.31170E-01         1.40588E-01         7.51602E-03
       1     -37     1.0             8.05588         1.33406E-02            0.502636         8.31377E-01         1.37001E-01         7.25792E-03
       1     -36     1.0             8.27470         1.31644E-02            0.502764         8.31589E-01         1.33432E-01         7.00625E-03
       1     -35     1.0             8.50280         1.31676E-02            0.502892         8.31800E-01         1.29902E-01         6.76433E-03
       1     -34     1.0             8.73880         1.33315E-02            0.503014         8.32002E-01         1.26439E-01         6.53463E-03
       1     -33     1.0             8.98184         1.35236E-02            0.503129         8.32193E-01         1.23060E-01         6.31108E-03
       1     -32     1.0             9.23464         1.34955E-02            0.503250         8.32394E-01         1.19742E-01         6.07798E-03
       1     -31     1.0             9.50436         1.32191E-02            0.503397         8.32637E-01         1.16411E-01         5.82474E-03
       1     -30     1.0             9.79791         1.29794E-02            0.503570         8.32922E-01         1.12998E-01         5.55875E-03
       1     -29     1.0            10.11870         1.29634E-02            0.503750         8.33221E-01         1.09491E-01         5.29333E-03
       1     -28     1.0            10.46830         1.31470E-02            0.503938         8.33531E-01         1.05907E-01         5.02927E-03
       1     -27     1.0            10.84796         1.34224E-02            0.504143         8.33870E-01         1.02276E-01         4.76265E-03
       1     -26     1.0            11.25905         1.37072E-02            0.504377         8.34257E-01         9.86243E-02         4.48946E-03
       1     -25     1.0            11.70317         1.39974E-02            0.504636         8.34686E-01         9.49691E-02         4.21419E-03
       1     -24     1.0            12.18216         1.43343E-02            0.504909         8.35137E-01         9.13248E-02         3.93986E-03
       1     -23     1.0            12.69754         1.47481E-02            0.505188         8.35598E-01         8.77056E-02         3.67343E-03
       1     -22     1.0            13.24926         1.52633E-02            0.505467         8.36060E-01         8.41416E-02         3.41068E-03
       1     -21     1.0            13.83542         1.59079E-02            0.505742         8.36514E-01         8.06570E-02         3.16664E-03
       1     -20     1.0            14.45577         1.66162E-02            0.506041         8.37010E-01         7.72858E-02         2.91855E-03
       1     -19     1.0            15.12229         1.71488E-02            0.506466         8.37712E-01         7.39911E-02         2.65569E-03
       1     -18     1.0            15.86252         1.75477E-02            0.507060         8.38695E-01         7.06976E-02         2.33706E-03
       1     -17     1.0            16.70543         1.82227E-02            0.507740         8.39820E-01         6.72909E-02         2.02435E-03
       1     -16     1.0            17.67239         1.93690E-02            0.508451         8.40996E-01         6.37858E-02         1.69025E-03
       1     -15     1.0            18.78296         2.08764E-02            0.509233         8.42289E-01         6.01823E-02         1.37825E-03
       1     -14     1.0            20.06040         2.26666E-02            0.510132         8.43776E-01         5.65568E-02         1.01993E-03
       1     -13     1.0            21.53686         2.48160E-02            0.511168         8.45490E-01         5.28786E-02         6.92295E-04
       1     -12     1.0            23.25918         2.76109E-02            0.512315         8.47387E-01         4.92050E-02         3.17059E-04
       1     -11     1.0            25.29026         3.13617E-02            0.513540         8.49413E-01         4.54600E-02         1.77503E-05
       1     -10     1.0            27.72387         3.66061E-02            0.514716         8.51359E-01         4.17144E-02        -3.24502E-04
       1      -9     1.0            30.70571         4.35002E-02            0.515760         8.53085E-01         3.78373E-02        -5.45364E-04
       1      -8     1.0            34.46006         5.04335E-02            0.516803         8.54811E-01         3.39880E-02        -9.10493E-04
       1      -7     1.0            39.30722         5.51925E-02            0.517714         8.56318E-01         3.00196E-02        -1.18746E-03
